C_af = 0.1;
C_ar = 0.1;
I = 2000;
m = 200;
V_x = 10;
l_f = 1;
l_r = 1;
R = 5;
g =  9.8;

